1.283 5.0 256.0 184 379 194 43 690 57 681 393
1.292 15.5 257.0 184 379 194 43 690 58 681 393
1.3 27.5 258.0 184 379 194 43 690 58 681 393
1.308 37.0 258.0 184 379 194 43 690 58 681 393
1.317 50.0 259.0 184 379 194 43 690 58 681 393
1.325 60.0 259.0 184 379 194 43 691 58 681 393
1.333 72.5 260.0 184 379 194 43 691 58 681 393
1.342 84.0 260.0 184 379 194 43 691 58 681 393
1.375 131.0 262.0 184 379 194 43 691 57 681 393
1.383 144.0 263.0 184 379 194 43 690 57 681 393
1.408 797.0 235.0 184 379 194 43 690 57 681 393
1.408 797.0 235.0 184 379 194 43 690 57 681 393
1.433 760.0 235.0 184 379 194 43 690 57 681 393
1.45 734.5 235.0 184 379 194 43 690 57 681 393
1.45 734.5 235.0 184 379 194 43 690 57 681 393
1.458 255.0 268.0 184 379 194 43 690 57 681 393
1.467 708.0 235.0 184 379 194 43 690 57 681 393
1.467 708.0 235.0 184 379 194 43 690 57 681 393
1.475 278.0 269.0 184 379 194 43 691 58 681 393
1.475 278.0 269.0 184 379 194 43 691 58 681 393
1.492 307.0 272.0 185 379 195 44 691 57 682 392
1.5 319.0 273.0 186 379 195 44 691 57 682 393
1.508 642.0 236.0 186 379 195 44 691 57 682 393
1.508 642.0 236.0 186 379 195 44 691 57 682 393
1.517 630.0 236.0 185 379 195 43 692 58 682 393
1.517 630.0 236.0 185 379 195 43 692 58 682 393
1.525 615.5 237.0 186 379 195 44 691 57 682 393
1.525 615.5 237.0 186 379 195 44 691 57 682 393
1.533 605.5 237.0 186 379 195 44 691 57 682 393
1.533 605.5 237.0 186 379 195 44 691 57 682 393
1.542 592.0 238.0 185 380 195 43 691 58 682 394
1.542 592.0 238.0 185 380 195 43 691 58 682 394
1.55 578.5 239.0 185 380 195 43 691 58 682 394
1.55 578.5 239.0 185 380 195 43 691 58 682 394
1.558 568.0 239.5 185 380 195 43 691 58 682 394
1.558 568.0 239.5 185 380 195 43 691 58 682 394
1.567 558.0 240.0 185 380 195 43 691 58 682 394
1.567 558.0 240.0 185 380 195 43 691 58 682 394
1.575 542.0 241.5 185 380 195 43 691 58 682 394
1.575 542.0 241.5 185 380 195 43 691 58 682 394
1.583 530.5 243.0 184 380 194 43 691 58 682 394
1.583 530.5 243.0 184 380 194 43 691 58 682 394
1.592 521.0 244.0 184 380 194 43 690 58 681 394
1.592 521.0 244.0 184 380 194 43 690 58 681 394
1.6 506.0 246.0 185 379 194 44 690 57 681 392
1.6 506.0 246.0 185 379 194 44 690 57 681 392
1.608 495.0 248.0 184 378 194 43 691 57 681 393
1.617 479.0 258.0 185 379 194 43 690 56 681 392
1.625 493.0 269.0 184 379 194 42 691 57 681 394
1.633 492.0 274.5 184 379 194 42 691 57 681 394
1.642 481.0 263.0 184 379 194 43 690 57 681 394
1.642 481.0 263.0 184 379 194 43 690 57 681 394
1.658 481.5 263.0 184 379 194 42 691 57 681 394
1.658 481.5 263.0 184 379 194 42 691 57 681 394
1.675 488.5 265.5 184 379 194 42 692 57 682 394
1.675 488.5 265.5 184 379 194 42 692 57 682 394
1.683 472.0 269.0 184 379 194 42 692 57 682 394
1.692 471.0 274.0 184 379 194 42 692 57 682 394
1.692 471.0 274.0 184 379 194 42 692 57 682 394
1.708 489.0 271.0 184 378 194 42 692 57 681 393
1.708 489.0 271.0 184 378 194 42 692 57 681 393
1.717 479.5 263.0 184 378 194 42 692 57 681 393
1.717 479.5 263.0 184 378 194 42 692 57 681 393
1.725 488.0 276.0 186 380 195 43 691 56 682 393
1.725 488.0 276.0 186 380 195 43 691 56 682 393
1.733 480.5 264.0 184 379 195 42 692 58 681 394
1.742 487.0 271.0 186 380 195 43 691 56 682 393
1.742 487.0 271.0 186 380 195 43 691 56 682 393
1.75 481.0 263.0 184 378 195 42 692 58 681 394
1.75 481.0 263.0 184 378 195 42 692 58 681 394
1.758 473.0 263.0 185 378 195 42 692 57 681 394
1.758 473.0 263.0 185 378 195 42 692 57 681 394
1.767 468.0 272.5 185 377 195 42 693 57 682 393
1.767 468.0 272.5 185 377 195 42 693 57 682 393
1.775 478.5 262.0 185 377 196 42 693 57 682 393
1.775 478.5 262.0 185 377 196 42 693 57 682 393
1.783 468.0 267.0 186 377 196 42 693 57 683 393
1.783 468.0 267.0 186 377 196 42 693 57 683 393
1.792 482.0 261.5 185 378 196 42 693 58 682 394
1.792 482.0 261.5 185 378 196 42 693 58 682 394
1.8 472.5 260.5 186 378 196 42 693 58 682 394
1.8 472.5 260.5 186 378 196 42 693 58 682 394
1.808 481.0 260.0 186 378 196 42 693 58 682 394
1.808 481.0 260.0 186 378 196 42 693 58 682 394
