1.483 30.5 336.0 255 42 925 40 927 494 257 496
1.492 47.0 336.0 255 42 926 40 928 494 257 496
1.5 62.0 336.0 255 42 926 40 928 494 257 496
1.525 109.0 338.0 255 42 926 40 928 494 257 496
1.533 123.5 338.0 255 42 926 40 928 494 257 496
1.542 139.5 338.0 255 42 926 40 928 494 257 496
1.642 343.0 341.0 255 43 926 41 928 493 257 495
1.65 359.5 341.0 257 42 928 42 928 496 257 496
1.65 355.0 341.0 257 42 928 42 928 496 257 496
1.658 372.0 341.0 256 43 926 41 927 494 257 495
1.658 369.5 341.0 256 43 926 41 927 494 257 495
1.667 389.0 341.0 256 43 926 41 927 493 257 494
1.692 437.5 342.0 255 43 926 41 928 493 257 495
1.708 475.0 342.0 256 43 927 41 928 493 257 494
1.708 470.5 342.0 256 43 927 41 928 493 257 494
1.717 487.0 342.0 256 42 926 40 928 493 258 495
1.733 523.0 343.0 255 43 926 41 928 496 257 498
1.742 542.0 344.0 255 43 926 41 928 495 257 497
1.742 850.0 283.0 255 43 926 41 928 495 257 497
1.75 829.0 285.0 255 43 926 41 928 495 257 497
1.75 834.0 284.0 255 43 926 41 928 495 257 497
1.758 574.0 345.0 257 43 928 43 928 497 257 497
1.758 815.5 285.5 257 43 928 43 928 497 257 497
1.767 590.0 345.0 257 43 928 43 928 497 257 497
1.767 800.0 287.0 257 43 928 43 928 497 257 497
1.775 777.0 289.0 255 44 926 42 928 494 257 496
1.775 784.0 288.5 255 44 926 42 928 494 257 496
1.783 619.0 345.0 255 44 926 42 928 494 257 496
1.783 765.5 290.0 255 44 926 42 928 494 257 496
1.817 688.5 304.0 257 43 928 43 928 495 257 495
1.825 670.5 327.5 255 44 926 42 928 494 257 496
1.825 670.0 318.0 255 44 926 42 928 494 257 496
1.833 690.0 314.0 255 44 926 42 928 494 257 496
1.833 683.5 312.0 255 44 926 42 928 494 257 496
1.842 694.0 331.0 257 43 928 43 928 495 257 495
1.85 688.5 317.5 257 43 928 43 928 495 257 495
1.85 692.5 322.0 257 43 928 43 928 495 257 495
1.858 672.5 318.5 255 44 926 42 928 495 257 497
1.867 689.0 323.0 256 44 926 42 928 495 258 497
1.867 667.5 336.5 256 44 926 42 928 495 258 497
1.875 682.0 319.5 257 44 928 44 928 497 257 497
1.875 678.5 345.0 257 44 928 44 928 497 257 497
1.883 689.0 338.5 257 44 928 44 928 497 257 497
1.892 670.5 346.5 255 44 926 42 928 495 257 497
1.892 688.5 327.5 255 44 926 42 928 495 257 497
1.9 667.0 325.0 255 44 926 42 928 495 257 497
1.9 675.5 321.0 255 44 926 42 928 495 257 497
1.908 663.0 340.5 255 44 926 42 928 496 257 498
1.908 689.0 338.0 255 44 926 42 928 496 257 498
1.917 666.5 346.5 255 44 926 42 928 495 257 497
1.917 678.0 323.0 255 44 926 42 928 495 257 497
1.925 670.5 323.0 256 497 256 44 927 44 927 497
1.933 686.0 332.0 256 495 256 44 927 44 927 495
1.933 662.0 342.5 256 495 256 44 927 44 927 495
1.942 680.5 325.5 257 44 928 44 928 495 257 495
1.942 675.5 323.5 257 44 928 44 928 495 257 495
1.95 685.0 341.5 256 494 256 44 927 44 927 494
1.95 663.5 328.0 256 494 256 44 927 44 927 494
1.958 682.0 329.0 256 45 927 43 928 494 257 495
1.958 661.0 343.5 256 45 927 43 928 494 257 495
1.967 665.5 349.5 256 45 927 43 928 495 257 496
1.967 672.5 350.5 256 45 927 43 928 495 257 496
1.975 680.0 347.0 257 45 927 43 928 496 258 497
1.975 683.0 341.5 257 45 927 43 928 496 258 497
1.983 683.5 337.5 256 45 926 43 928 496 258 498
1.983 658.0 340.0 256 45 926 43 928 496 258 498
1.992 669.5 323.0 258 45 929 45 929 497 258 497
1.992 667.5 350.0 258 45 929 45 929 497 258 497
2.0 661.5 325.0 258 45 929 45 929 497 258 497
2.0 665.0 323.0 258 45 929 45 929 497 258 497
2.008 655.5 338.0 258 45 929 45 929 499 258 499
2.008 681.5 336.0 258 45 929 45 929 499 258 499
2.017 661.0 346.0 257 46 928 44 929 497 258 498
2.017 676.5 325.0 257 46 928 44 929 497 258 498
2.025 671.0 346.5 257 46 928 44 929 497 258 498
2.025 667.0 320.5 257 46 928 44 929 497 258 498
2.033 678.0 339.5 256 46 928 44 929 498 258 500
2.033 655.0 327.5 256 46 928 44 929 498 258 500
2.133 649.5 317.5 257 47 928 44 930 495 259 498
2.133 673.5 327.0 257 47 928 44 930 495 259 498
2.142 674.5 319.5 257 47 928 44 930 495 259 498
2.142 649.5 327.0 257 47 928 44 930 495 259 498
2.15 655.5 333.5 257 46 928 44 930 496 259 498
2.15 669.0 310.5 257 46 928 44 930 496 259 498
2.158 657.5 308.0 258 46 929 44 930 495 259 496
2.158 663.5 333.5 258 46 929 44 930 495 259 496
2.167 650.5 311.5 259 46 929 44 930 495 260 496
2.167 670.0 327.5 259 46 929 44 930 495 260 496
2.175 671.0 318.5 259 46 929 44 930 495 260 496
2.175 647.0 322.5 259 46 929 44 930 495 260 496
2.183 652.0 330.0 259 46 930 44 931 495 260 496
2.183 666.0 310.0 259 46 930 44 931 495 260 496
2.192 657.0 306.5 259 46 930 44 931 495 260 496
2.192 660.5 332.5 259 46 930 44 931 495 260 496
2.2 667.0 328.5 258 46 929 44 931 496 260 498
2.2 648.0 310.5 258 46 929 44 931 496 260 498
2.208 644.5 320.5 258 47 929 44 931 495 260 498
2.208 670.5 319.0 258 47 929 44 931 495 260 498
2.217 666.5 310.5 258 47 929 44 931 495 260 498
2.217 647.5 328.5 258 47 929 44 931 495 260 498
2.225 657.0 305.5 258 47 929 44 931 495 260 498
2.225 655.5 332.5 258 47 929 44 931 495 260 498
2.233 663.0 329.5 258 47 929 44 931 495 260 498
2.233 648.0 308.5 258 47 929 44 931 495 260 498
2.242 642.5 319.0 259 47 929 44 931 496 261 499
2.242 667.5 321.5 259 47 929 44 931 496 261 499
2.25 644.5 327.0 259 47 929 44 931 496 261 499
2.25 664.5 312.0 259 47 929 44 931 496 261 499
2.258 651.5 332.0 259 47 929 44 931 495 261 498
2.258 656.5 306.0 259 47 929 44 931 495 261 498
2.267 647.5 307.5 261 46 931 46 931 500 261 500
2.267 660.0 331.0 261 46 931 46 931 500 261 500
2.275 640.5 315.0 259 47 929 44 931 499 261 501
2.275 665.0 323.5 259 47 929 44 931 499 261 501
2.283 664.5 314.5 261 46 931 46 931 500 261 500
2.283 640.5 325.5 261 46 931 46 931 500 261 500
2.292 647.5 332.5 260 47 931 45 932 498 261 499
2.292 657.5 308.0 260 47 931 45 932 498 261 499
2.3 648.0 307.5 260 47 931 45 932 498 261 499
2.3 655.5 333.0 260 47 931 45 932 498 261 499
2.308 661.5 327.5 260 47 931 45 932 498 261 499
2.308 640.5 313.5 260 47 931 45 932 498 261 499
2.317 638.5 323.5 260 47 931 45 932 498 261 499
2.317 663.0 319.0 260 47 931 45 932 498 261 499
2.325 644.0 331.5 260 47 931 45 932 496 261 497
2.325 657.5 310.5 260 47 931 45 932 496 261 497
2.333 649.0 308.5 259 46 930 44 932 496 261 498
2.333 652.5 334.0 259 46 930 44 932 496 261 498
2.342 640.0 312.5 259 46 930 44 932 496 261 498
2.342 659.5 330.0 259 46 930 44 932 496 261 498
2.35 663.0 322.5 259 46 930 44 932 496 261 498
2.35 637.0 322.0 259 46 930 44 932 496 261 498
2.358 640.0 331.0 259 46 930 44 932 496 261 498
2.358 659.0 313.0 259 46 930 44 932 496 261 498
2.367 651.0 309.5 259 46 930 44 932 496 261 498
2.367 648.5 335.5 259 46 930 44 932 496 261 498
2.375 642.0 311.5 259 47 930 44 932 495 261 498
2.375 656.0 334.0 259 47 930 44 932 495 261 498
2.383 637.0 319.5 259 47 930 44 932 497 261 500
2.383 661.0 326.571 259 47 930 44 932 497 261 500
2.392 638.5 331.0 261 46 932 46 932 500 261 500
2.392 659.0 317.5 261 46 932 46 932 500 261 500
2.4 644.5 335.5 261 46 932 46 932 500 261 500
2.4 652.5 312.0 261 46 932 46 932 500 261 500
2.408 643.5 311.5 261 46 932 46 932 500 261 500
2.408 654.0 335.5 261 46 932 46 932 500 261 500
2.417 660.5 329.5 261 46 932 46 932 500 261 500
2.417 636.5 318.5 261 46 932 46 932 500 261 500
2.425 636.0 328.5 261 46 932 46 932 500 261 500
2.425 661.0 321.5 261 46 932 46 932 500 261 500
2.433 655.5 313.0 261 46 932 46 932 500 261 500
2.433 641.5 335.5 261 46 932 46 932 500 261 500
2.442 647.5 311.5 260 47 931 45 932 496 261 497
2.442 651.0 338.5 260 47 931 45 932 496 261 497
2.45 639.5 316.0 260 47 930 44 932 495 262 498
2.45 658.0 333.5 260 47 930 44 932 495 262 498
2.458 636.5 325.0 259 47 930 44 932 495 261 498
2.458 661.5 325.0 259 47 930 44 932 495 261 498
2.467 639.5 333.5 260 47 930 44 932 495 262 498
2.467 657.5 316.0 260 47 930 44 932 495 262 498
2.475 650.0 311.5 260 47 931 44 933 496 262 498
2.475 648.5 337.0 260 47 931 44 933 496 262 498
2.483 656.0 335.0 261 47 932 45 933 496 262 497
2.483 641.5 314.0 261 47 932 45 933 496 262 497
2.492 663.0 324.0 261 47 932 45 933 496 262 497
2.492 636.5 322.0 261 47 932 45 933 496 262 497
2.5 660.5 319.0 261 47 932 45 933 496 262 497
2.5 638.0 330.5 261 47 932 45 933 496 262 497
2.508 654.5 312.0 261 47 932 45 933 496 262 497
2.508 644.5 337.0 261 47 932 45 933 496 262 497
2.517 645.5 311.5 261 47 932 45 933 496 262 497
2.517 653.5 337.0 261 47 932 45 933 496 262 497
2.525 660.5 331.0 261 47 932 45 933 496 262 497
2.525 638.5 317.0 261 47 932 45 933 496 262 497
2.533 661.5 322.5 261 47 932 45 933 496 262 497
2.533 636.5 327.0 261 47 932 45 933 496 262 497
2.542 642.0 334.5 261 47 932 45 933 496 262 497
2.542 657.0 313.5 261 47 932 45 933 496 262 497
2.55 651.0 336.5 260 47 931 45 933 496 262 498
2.55 648.5 310.5 260 47 931 45 933 496 262 498
2.558 639.0 322.0 260 47 931 45 933 498 262 500
2.558 640.0 314.5 260 47 931 45 933 498 262 500
2.567 636.5 323.0 260 47 931 45 933 498 262 500
2.567 662.5 326.0 260 47 931 45 933 498 262 500
2.575 659.5 315.5 262 47 933 47 933 499 262 499
2.575 639.0 332.0 262 47 933 47 933 499 262 499
2.583 651.5 310.0 262 47 933 47 933 500 262 500
2.583 646.0 336.0 262 47 933 47 933 500 262 500
2.592 654.0 335.0 262 47 933 47 933 501 262 501
2.592 642.5 311.0 262 47 933 47 933 501 262 501
2.6 636.5 316.0 262 47 932 47 932 501 262 501
2.6 659.0 328.0 262 47 932 47 932 501 262 501
2.608 635.0 327.5 262 47 932 47 932 501 262 501
2.608 658.5 319.5 262 47 932 47 932 501 262 501
2.617 641.0 334.0 261 47 932 47 932 501 261 501
2.617 653.0 311.5 261 47 932 47 932 501 261 501
2.625 649.5 335.0 260 48 931 46 932 499 261 500
2.625 644.0 309.5 260 48 931 46 932 499 261 500
2.633 656.5 330.0 261 47 932 47 932 501 261 501
2.633 636.5 314.0 261 47 932 47 932 501 261 501
2.642 633.5 323.5 261 47 932 47 932 501 261 501
2.642 659.5 321.5 261 47 932 47 932 501 261 501
2.65 637.0 331.0 260 48 931 46 932 499 261 500
2.65 655.5 313.0 260 48 931 46 932 499 261 500
2.658 644.5 335.5 260 48 931 46 933 500 262 502
2.658 648.0 308.5 260 48 931 46 933 500 262 502
2.667 640.0 310.0 262 48 933 48 933 502 262 502
2.667 652.5 334.0 262 48 933 48 933 502 262 502
2.675 634.5 315.5 262 48 933 48 933 503 262 503
2.675 657.0 326.5 262 48 933 48 933 503 262 503
2.683 633.5 328.5 260 49 931 47 933 502 262 504
2.683 656.5 318.0 260 49 931 47 933 502 262 504
2.692 640.5 335.5 260 50 931 48 933 501 262 503
2.692 650.5 312.0 260 50 931 48 933 501 262 503
2.7 648.0 336.5 261 51 931 49 933 502 263 504
2.7 642.0 311.0 261 51 931 49 933 502 263 504
2.708 637.0 319.0 261 52 932 49 934 504 263 506
2.708 634.0 316.5 261 52 932 49 934 504 263 506
2.717 658.0 325.5 262 51 934 51 934 505 262 505
2.717 631.5 326.5 262 51 934 51 934 505 262 505
2.725 635.0 334.5 263 51 934 51 934 505 263 505
2.725 653.0 315.0 263 51 934 51 934 505 263 505
2.733 643.0 337.5 261 53 932 50 934 502 263 505
2.733 645.0 310.5 261 53 932 50 934 502 263 505
2.742 650.5 336.0 261 53 932 50 934 502 263 505
2.742 637.0 313.0 261 53 932 50 934 502 263 505
2.75 632.0 317.0 261 53 932 50 934 502 263 505
2.75 654.5 327.5 261 53 932 50 934 502 263 505
2.758 631.0 329.5 261 52 932 50 934 502 263 504
2.758 653.5 319.0 261 52 932 50 934 502 263 504
2.767 647.5 312.5 261 52 932 50 934 502 263 504
2.767 637.5 336.0 261 52 932 50 934 502 263 504
2.775 646.0 337.0 261 52 932 50 934 504 263 506
2.775 639.0 312.0 261 52 932 50 934 504 263 506
2.783 652.5 331.5 261 52 932 50 934 502 263 504
2.783 631.5 316.5 261 52 932 50 934 502 263 504
2.792 628.5 326.5 261 52 932 50 934 503 263 505
2.792 654.5 323.5 261 52 932 50 934 503 263 505
2.8 650.5 315.0 261 52 932 49 934 500 263 503
2.8 632.0 333.5 261 52 932 49 934 500 263 503
