1.05 217.0 89.0 77 26 304 19 308 171 82 177
1.233 214.0 36.0 78 25 304 19 307 171 82 176
1.242 214.0 36.0 78 25 304 19 307 171 82 176
1.325 101.5 125.0 78 25 304 19 307 171 82 176
1.333 106.5 125.0 78 25 304 19 307 171 82 176
1.342 112.0 125.0 77 25 304 19 307 171 81 176
1.4 149.5 127.0 78 25 304 19 307 171 82 176
1.408 159.0 128.0 78 25 304 19 307 171 82 176
1.458 278.5 99.0 79 25 305 19 308 171 83 176
1.467 270.0 100.0 79 25 305 19 308 171 83 176
1.475 267.5 100.0 79 25 305 19 308 171 83 176
1.483 261.0 101.0 79 25 305 19 308 171 83 176
1.492 210.0 133.0 79 25 305 19 308 171 83 176
1.492 258.0 103.0 79 25 305 19 308 171 83 176
1.5 251.0 104.0 79 25 305 19 308 171 83 176
1.5 250.5 102.0 79 25 305 19 308 171 83 176
1.508 244.0 103.0 79 25 305 19 308 171 83 176
1.517 238.0 106.0 79 25 305 19 308 171 83 176
1.517 239.0 104.0 79 25 305 19 308 171 83 176
1.525 235.0 107.0 79 25 305 19 308 171 83 176
1.525 234.0 105.0 79 25 305 19 308 171 83 176
1.558 236.0 118.0 79 25 305 19 308 170 83 175
1.575 236.0 120.0 79 24 305 19 308 170 83 175
1.583 236.0 124.0 79 24 305 19 308 170 83 175
1.583 236.0 121.0 79 24 305 19 308 170 83 175
1.592 229.0 118.0 79 24 305 19 308 170 83 175
1.617 225.0 124.0 79 25 305 19 308 171 83 176
1.625 233.0 124.0 79 25 305 19 308 171 83 176
1.633 231.0 129.0 79 25 305 19 308 171 83 176
1.683 226.0 127.0 78 25 305 19 308 171 82 176
1.683 229.0 119.0 78 25 305 19 308 171 82 176
1.692 228.0 119.0 79 25 305 19 308 171 82 176
1.708 229.0 120.0 78 25 305 19 308 171 82 176
1.742 227.0 121.0 79 25 305 19 308 171 83 176
1.758 218.0 121.0 79 25 305 19 308 170 83 176
1.767 223.0 114.0 79 25 305 19 308 170 83 176
1.792 225.0 115.0 79 25 305 19 308 170 83 176
1.8 219.0 113.0 79 25 305 19 308 170 83 176
1.825 220.5 111.0 79 25 306 19 309 170 83 176
1.842 223.0 117.0 79 25 305 19 308 171 83 176
1.858 218.0 112.0 79 25 305 19 308 171 83 176
1.867 216.0 117.0 79 25 305 19 308 171 83 176
1.867 219.0 110.0 79 25 305 19 308 171 83 176
1.875 223.0 112.0 79 25 305 19 308 171 83 176
1.883 218.0 118.0 79 25 305 19 308 171 83 176
1.908 222.0 110.0 79 25 305 19 308 171 83 176
1.917 218.0 118.0 79 25 305 19 308 171 83 176
1.933 224.0 114.0 79 25 305 19 308 171 83 176
1.958 220.0 118.0 79 25 305 19 308 171 83 176
1.975 223.0 111.0 78 25 305 19 308 171 82 176
1.983 223.0 113.0 79 25 305 19 308 171 83 176
2.0 223.0 112.0 79 25 305 19 308 171 83 176
2.008 229.0 133.0 79 25 305 19 308 170 83 176
2.008 221.0 110.0 79 25 305 19 308 170 83 176
2.017 229.0 133.0 79 25 305 19 308 170 83 176
2.017 223.0 115.0 79 25 305 19 308 170 83 176
2.033 222.0 110.0 79 25 305 19 308 170 83 176
2.05 216.0 115.0 79 25 305 19 308 171 83 176
2.05 223.0 112.0 79 25 305 19 308 171 83 176
2.058 224.0 114.0 79 25 305 19 308 170 83 176
2.067 222.0 109.0 79 25 305 19 308 170 83 176
2.083 223.0 111.0 79 25 305 19 308 170 83 175
2.092 224.0 113.0 79 25 305 19 308 170 83 175
2.133 217.0 115.0 80 24 305 19 308 170 83 175
2.133 223.0 109.0 80 24 305 19 308 170 83 175
2.15 220.0 114.0 80 23 306 19 308 170 83 174
2.15 217.0 114.0 80 23 306 19 308 170 83 174
2.192 214.0 107.0 80 23 306 19 308 170 83 174
2.217 220.0 114.0 79 24 305 19 308 170 83 175
2.233 217.0 106.0 79 24 305 19 308 170 83 175
2.258 220.0 106.0 79 24 306 18 309 170 83 175
2.267 216.0 113.0 79 24 306 18 309 170 83 175
2.267 217.0 104.0 79 24 306 18 309 170 83 175
2.275 218.0 105.0 80 24 306 19 309 170 84 175
2.3 216.5 106.0 80 24 306 19 309 170 84 175
2.308 216.0 113.0 80 24 306 19 309 170 84 175
2.308 218.0 105.0 80 24 306 19 309 170 84 175
2.325 220.0 106.0 80 24 306 19 309 170 84 175
2.358 217.0 115.0 80 24 306 19 309 170 84 175
2.367 220.0 110.0 80 24 306 19 309 170 84 175
2.367 220.0 108.0 80 24 306 19 309 170 84 175
2.375 216.0 113.0 80 24 306 19 309 170 84 175
2.417 220.0 108.5 81 23 307 19 309 170 84 174
2.425 218.0 115.0 81 23 307 19 309 170 84 174
2.442 218.0 113.0 80 24 306 19 309 170 84 175
2.442 218.0 106.0 80 24 306 19 309 170 84 175
2.45 220.0 110.0 80 24 306 19 309 170 84 175
2.475 213.0 106.0 80 25 305 19 309 170 84 176
2.483 220.0 109.5 80 25 305 19 309 170 84 176
2.492 213.0 106.0 81 23 307 19 309 170 84 174
2.492 226.0 79.0 81 23 307 19 309 170 84 174
2.5 218.0 107.0 81 23 307 19 309 170 84 174
2.5 226.0 79.0 81 23 307 19 309 170 84 174
2.533 226.0 79.0 81 23 307 19 309 170 84 174
2.542 215.5 106.0 80 24 306 19 309 170 84 174
2.542 226.0 79.0 80 24 306 19 309 170 84 174
2.55 211.0 110.5 80 24 306 19 309 170 84 174
2.55 226.0 79.0 80 24 306 19 309 170 84 174
2.558 226.0 79.0 80 24 306 19 309 170 84 174
2.575 215.0 106.0 81 24 307 19 310 170 85 174
2.583 217.0 106.0 82 23 308 19 310 170 85 174
2.6 211.0 110.0 81 24 307 19 310 170 85 174
2.6 218.0 108.0 81 24 307 19 310 170 85 174
2.633 218.0 109.0 81 24 307 19 310 169 85 175
2.633 216.0 107.0 81 24 307 19 310 169 85 175
2.658 215.0 106.0 81 25 307 19 310 169 85 175
2.667 217.0 108.0 81 25 307 19 310 169 85 175
2.683 218.0 111.0 82 23 308 19 310 170 85 174
2.683 216.0 107.0 82 23 308 19 310 170 85 174
2.692 215.0 115.0 80 24 306 19 309 170 84 174
2.692 214.0 108.0 80 24 306 19 309 170 84 174
2.7 212.0 115.0 80 24 306 19 309 169 84 174
2.708 215.0 115.0 80 25 306 19 309 169 84 175
2.708 213.0 107.0 80 25 306 19 309 169 84 175
2.717 209.0 113.0 80 25 306 19 309 169 84 175
2.717 217.0 109.0 80 25 306 19 309 169 84 175
2.733 211.0 115.0 80 25 306 19 309 169 84 175
2.733 209.0 113.0 80 25 306 19 309 169 84 175
2.742 213.0 107.0 80 25 306 19 309 169 84 175
2.75 216.0 109.0 80 25 306 19 309 169 84 175
2.75 214.0 107.0 80 25 306 19 309 169 84 175
2.767 216.0 112.0 80 25 306 19 309 169 84 175
2.767 208.0 111.0 80 25 306 19 309 169 84 175
2.775 212.0 107.0 80 25 306 19 309 169 84 175
2.783 216.0 111.0 80 25 306 19 309 169 84 175
2.783 214.0 107.0 80 25 306 19 309 169 84 175
2.792 213.0 115.0 80 25 306 19 309 169 84 175
2.8 215.0 109.0 80 25 306 19 309 169 84 175
2.8 213.0 107.0 80 25 306 19 309 169 84 175
2.817 214.5 107.5 81 24 306 19 309 170 84 175
2.833 215.0 110.5 80 25 306 19 309 169 84 175
2.842 211.5 106.0 80 25 306 19 309 169 84 175
2.85 215.0 108.0 81 24 306 19 309 170 84 175
2.858 208.0 107.0 80 25 306 19 309 169 84 175
2.867 215.0 111.0 80 25 306 19 309 169 84 175
2.867 207.0 111.0 80 25 306 19 309 169 84 175
2.875 211.5 106.0 80 25 306 19 309 169 84 175
2.9 207.0 111.0 80 25 306 19 309 169 84 175
2.9 207.0 108.0 80 25 306 19 309 169 84 175
2.908 212.0 106.0 80 25 306 19 309 169 84 175
2.917 215.0 108.0 80 24 306 19 309 169 84 174
2.933 207.0 111.0 80 24 306 19 309 169 84 174
2.933 207.0 108.0 80 24 306 19 309 169 84 174
2.95 215.0 110.0 80 24 306 19 309 169 84 174
2.958 212.0 114.0 80 25 306 19 309 169 84 175
2.958 213.0 106.0 80 25 306 19 309 169 84 175
2.975 213.0 107.0 80 25 306 19 309 169 84 175
2.975 211.0 106.0 80 25 306 19 309 169 84 175
3.0 214.0 110.0 80 25 306 19 309 169 84 175
3.008 210.0 106.0 80 24 306 19 309 169 84 174
3.033 208.0 106.0 81 23 306 19 309 170 84 174
3.042 210.0 106.0 81 23 306 19 309 170 84 174
3.042 227.0 88.0 81 23 306 19 309 170 84 174
3.05 214.0 111.0 81 23 306 19 309 170 84 174
3.05 227.0 88.0 81 23 306 19 309 170 84 174
3.067 206.0 109.0 81 23 306 19 309 170 84 174
3.1 211.0 115.0 80 25 306 19 309 170 84 175
3.1 210.0 106.0 80 25 306 19 309 170 84 175
3.142 206.0 108.0 80 25 306 19 309 170 84 175
3.15 210.5 115.0 80 25 306 19 309 170 84 176
3.15 208.0 115.0 80 25 306 19 309 170 84 176
