3.117 0.0 152.5 492 414 493 326 1175 330 1174 418
3.117 2.5 143.0 492 414 493 326 1175 330 1174 418
3.125 9.5 154.0 492 413 493 324 1177 329 1176 418
3.125 10.0 144.5 492 413 493 324 1177 329 1176 418
3.133 17.0 144.0 492 414 493 325 1175 330 1174 418
3.133 17.0 146.5 492 414 493 325 1175 330 1174 418
3.142 31.5 147.0 492 414 493 326 1176 330 1175 418
3.142 28.5 156.5 492 414 493 326 1176 330 1175 418
3.15 40.0 157.0 492 414 493 326 1176 330 1175 418
3.15 38.5 148.5 492 414 493 326 1176 330 1175 418
3.158 51.5 150.5 492 413 493 325 1176 329 1175 418
3.158 51.5 159.0 492 413 493 325 1176 329 1175 418
3.167 63.5 152.0 492 414 493 325 1178 328 1177 417
3.167 63.938 160.0 492 414 493 325 1178 328 1177 417
3.175 1137.5 98.5 492 413 493 325 1177 329 1176 418
3.175 1129.0 100.5 492 413 493 325 1177 329 1176 418
3.183 1115.0 102.5 492 413 493 321 1177 325 1176 418
3.183 92.5 155.0 492 413 493 321 1177 325 1176 418
3.192 1091.5 106.0 492 414 493 325 1175 328 1174 417
3.192 107.5 156.5 492 414 493 325 1175 328 1174 417
3.2 1064.0 110.0 492 326 1174 323 1175 416 492 419
3.2 119.0 167.0 492 326 1174 323 1175 416 492 419
3.208 132.5 168.5 492 326 1175 323 1176 416 493 418
3.208 137.0 160.5 492 326 1175 323 1176 416 493 418
3.217 152.5 162.5 492 413 493 323 1176 328 1175 418
3.217 148.4 170.0 492 413 493 323 1176 328 1175 418
3.225 164.5 172.5 492 413 493 324 1175 328 1174 418
3.225 166.5 164.5 492 413 493 324 1175 328 1174 418
3.233 180.5 166.5 492 413 493 324 1175 328 1174 418
3.233 186.0 167.0 492 413 493 324 1175 328 1174 418
3.242 196.0 176.0 492 413 493 325 1173 329 1172 418
3.242 198.5 168.5 492 413 493 325 1173 329 1172 418
3.25 218.5 170.5 492 413 493 325 1173 330 1172 418
3.25 214.0 178.0 492 413 493 325 1173 330 1172 418
3.258 231.5 172.5 492 413 493 325 1176 330 1175 418
3.258 234.5 181.0 492 413 493 325 1176 330 1175 418
3.267 253.5 183.5 492 413 493 325 1176 330 1175 418
3.267 250.5 175.5 492 413 493 325 1176 330 1175 418
3.275 268.5 185.0 493 413 494 326 1179 330 1178 418
3.275 271.0 178.5 493 413 494 326 1179 330 1178 418
3.283 851.0 142.0 493 413 494 326 1178 329 1177 416
3.283 290.5 180.5 493 413 494 326 1178 329 1177 416
3.292 310.0 190.5 492 413 493 326 1177 329 1176 416
3.292 311.0 184.0 492 413 493 326 1177 329 1176 416
3.3 800.5 148.5 492 413 493 326 1177 329 1176 416
3.3 334.0 187.0 492 413 493 326 1177 329 1176 416
3.308 784.0 151.0 493 413 494 324 1175 329 1174 419
3.308 788.5 150.0 493 413 494 324 1175 329 1174 419
3.317 758.0 153.0 493 413 494 324 1173 329 1172 419
3.317 754.5 152.0 493 413 494 324 1173 329 1172 419
3.325 400.0 196.0 493 413 494 324 1173 329 1172 418
3.325 741.0 149.0 493 413 494 324 1173 329 1172 418
3.333 415.0 198.5 494 412 495 322 1171 327 1170 418
3.333 724.5 146.0 494 412 495 322 1171 327 1170 418
3.342 428.0 202.0 494 413 495 325 1176 330 1175 418
3.342 706.0 143.5 494 413 495 325 1176 330 1175 418
3.35 686.0 148.0 494 413 495 325 1173 330 1172 418
3.35 687.5 141.5 494 413 495 325 1173 330 1172 418
3.358 671.0 141.0 494 412 495 324 1181 329 1180 418
3.358 664.5 141.0 494 412 495 324 1181 329 1180 418
3.367 642.0 147.0 494 413 495 324 1180 329 1179 418
3.367 645.5 140.5 494 413 495 324 1180 329 1179 418
3.375 626.5 148.0 494 413 495 325 1176 330 1175 418
3.375 628.0 142.0 494 413 495 325 1176 330 1175 418
3.383 604.5 145.5 494 414 495 324 1176 327 1175 417
3.383 611.5 144.5 494 414 495 324 1176 327 1175 417
3.392 565.5 210.0 494 413 495 323 1171 328 1170 418
3.458 581.0 158.0 496 411 497 323 1183 326 1182 414
3.475 581.0 192.0 496 412 497 324 1183 327 1182 415
3.475 579.0 160.0 496 412 497 324 1183 327 1182 415
3.5 576.5 194.0 496 414 497 324 1174 325 1173 416
3.5 574.0 164.0 496 414 497 324 1174 325 1173 416
3.525 578.0 185.0 495 412 496 322 1182 327 1181 418
3.533 565.0 169.0 495 412 496 324 1173 329 1172 418
3.533 591.0 168.0 495 412 496 324 1173 329 1172 418
3.542 577.5 181.0 495 413 496 325 1183 329 1182 417
3.558 579.0 183.0 495 412 496 325 1180 328 1179 415
3.558 576.0 152.0 495 412 496 325 1180 328 1179 415
3.567 580.5 149.0 495 412 496 325 1178 328 1177 415
