0.392 599.0 149.0 148 70 524 62 529 310 153 318
0.4 595.0 149.0 148 70 524 62 529 310 153 318
0.408 589.0 149.0 148 69 524 63 529 310 153 317
0.417 582.0 149.0 148 70 524 63 529 310 153 317
0.425 575.5 149.0 148 70 524 63 529 310 153 317
0.433 568.5 149.0 148 70 524 63 529 310 153 317
0.442 562.0 149.0 149 69 524 63 528 311 152 317
0.45 554.5 149.0 149 69 525 63 529 311 152 317
0.458 548.5 149.0 149 69 525 63 529 311 152 317
0.467 540.0 148.0 149 69 525 63 529 311 152 317
0.475 533.5 148.0 148 70 525 63 530 310 153 318
0.483 526.0 148.0 148 70 525 62 530 310 153 318
0.492 519.0 148.0 148 70 525 62 530 310 153 318
0.5 511.5 148.0 149 70 525 62 530 310 154 318
0.508 502.5 147.0 149 70 525 62 530 310 154 318
0.517 497.0 147.0 149 70 525 62 530 310 154 318
0.525 490.5 147.0 149 70 525 62 530 310 154 318
0.533 483.0 146.0 149 70 525 62 530 310 154 318
0.542 476.0 145.5 149 69 525 62 530 310 154 317
0.55 469.0 145.0 149 69 525 62 530 310 154 317
0.558 461.0 144.0 149 69 525 62 530 310 154 317
0.567 453.0 143.0 149 69 525 62 530 310 154 317
0.575 445.0 142.0 149 69 526 62 531 310 154 317
0.583 438.5 141.0 149 69 526 62 531 310 154 317
0.592 432.0 140.0 149 69 526 62 531 310 154 317
0.6 425.5 139.0 149 69 526 62 531 310 154 317
0.608 419.0 138.0 150 68 526 63 530 311 153 317
0.617 412.0 136.5 150 68 526 63 530 311 153 317
0.625 405.0 135.5 150 68 526 63 530 311 153 317
0.633 396.5 134.0 150 68 526 63 530 311 153 317
0.642 390.0 133.0 150 69 526 63 530 311 153 317
0.65 383.5 132.0 150 69 525 63 529 311 153 317
0.658 377.0 130.5 150 69 525 63 529 311 153 317
0.667 370.0 129.5 150 69 525 63 529 311 153 317
0.675 362.0 128.0 150 69 525 63 529 311 153 317
0.683 355.5 127.0 150 69 525 63 529 311 153 317
0.692 349.0 126.0 150 69 525 63 529 311 153 317
0.7 342.5 125.0 150 69 525 63 529 311 153 317
0.708 335.5 123.5 149 69 525 63 529 311 153 317
0.717 327.0 122.0 149 69 525 63 529 311 153 317
0.725 321.5 121.0 149 69 525 63 529 311 153 317
0.733 315.5 119.5 149 69 524 63 528 311 153 317
0.742 307.0 118.0 149 69 524 63 528 311 152 317
0.75 301.5 117.0 149 69 524 63 528 311 152 317
0.758 295.5 115.5 149 69 525 63 529 311 152 317
0.767 289.0 111.0 149 69 525 63 529 311 153 317
0.775 282.5 112.5 149 69 525 63 529 311 153 317
0.783 275.0 111.0 149 69 525 63 529 311 153 317
0.792 268.0 109.0 149 69 525 63 529 311 152 317
0.8 262.0 108.0 149 69 525 63 529 311 152 317
0.808 257.0 106.5 150 68 525 63 529 311 153 317
0.817 250.5 105.0 150 68 525 63 529 311 153 317
0.825 242.5 103.0 150 68 525 63 529 311 153 317
0.833 236.0 98.0 149 70 525 62 530 310 154 318
0.842 230.5 100.0 150 68 525 63 529 311 153 317
0.85 223.5 98.0 150 68 525 63 529 311 153 317
0.858 216.5 96.0 150 68 525 63 529 311 153 317
0.867 211.5 94.5 150 68 525 63 529 311 153 317
0.875 207.0 90.0 150 68 525 63 529 311 153 317
0.883 199.0 90.5 149 70 525 62 530 310 154 318
0.892 191.0 88.0 149 70 525 62 530 310 154 318
