0.075 258.0 243.0 310 0 599 0 599 219 310 219
0.083 258.0 243.0 310 0 599 0 599 219 310 219
0.092 258.0 243.0 310 0 599 0 599 219 310 219
0.1 258.0 243.0 310 0 599 0 599 219 310 219
0.108 258.0 243.0 310 0 599 0 599 219 310 219
0.117 258.0 243.0 310 0 599 0 599 219 310 219
0.125 258.0 243.0 310 0 599 0 599 219 310 219
0.133 258.0 243.0 310 0 599 0 599 219 310 219
0.192 270.0 249.0 310 0 599 0 599 219 310 219
0.2 270.0 249.0 310 0 599 0 599 219 310 219
0.208 270.0 249.0 310 0 599 0 599 219 310 219
0.217 270.0 249.0 309 218 309 0 598 0 598 218
0.225 270.0 249.0 310 0 599 0 599 219 310 219
0.275 258.0 243.0 311 0 599 0 599 219 311 219
0.3 271.0 249.0 311 0 599 0 599 219 311 219
0.325 258.0 245.0 311 0 599 0 599 219 311 219
0.333 258.0 245.0 311 0 599 0 599 219 311 219
0.417 258.0 243.0 310 0 599 0 599 219 310 219
0.45 257.0 244.0 310 0 599 0 599 219 310 219
0.458 257.0 244.0 310 0 599 0 599 219 310 219
0.475 257.0 244.0 310 0 599 0 599 219 310 219
0.483 257.0 244.0 310 0 599 0 599 219 310 219
0.525 257.0 244.0 310 0 599 0 599 219 310 219
0.533 257.0 244.0 310 0 599 0 599 219 310 219
0.542 257.0 244.0 310 0 599 0 599 219 310 219
0.55 257.0 244.0 310 0 599 0 599 219 310 219
0.558 257.0 244.0 310 0 599 0 599 219 310 219
0.567 257.0 244.0 310 0 599 0 599 219 310 219
0.592 270.0 248.0 310 0 599 0 599 219 310 219
0.6 270.0 248.0 310 0 599 0 599 219 310 219
0.608 270.0 248.0 310 0 599 0 599 219 310 219
0.658 257.0 244.0 310 0 599 0 599 219 310 219
0.683 269.0 249.0 309 0 599 0 599 219 309 219
0.692 256.0 245.0 309 0 599 0 599 220 309 220
0.7 256.0 245.0 309 0 599 0 599 220 309 220
0.708 256.0 245.0 309 0 599 0 599 220 309 220
0.725 255.0 244.0 309 0 599 0 599 220 309 220
0.733 268.0 248.0 309 0 599 0 599 220 309 220
0.867 269.0 249.0 309 0 599 0 599 220 309 220
0.875 269.0 249.0 310 0 599 0 599 220 310 220
1.025 272.0 248.0 313 0 598 0 598 219 313 219
1.033 272.0 248.0 313 0 598 0 598 219 313 219
1.125 261.0 243.0 315 0 599 0 599 220 315 220
1.133 0.0 115.0 315 0 599 0 599 220 315 220
1.142 262.0 243.0 316 0 599 0 599 220 316 220
1.15 262.0 243.0 316 0 599 0 599 220 316 220
1.158 262.0 243.0 316 0 599 0 599 220 316 220
1.167 262.0 243.0 316 0 599 0 599 220 316 220
1.175 262.0 243.0 316 0 599 0 599 220 316 220
1.183 262.0 243.0 316 0 599 0 599 220 316 220
1.225 262.0 243.0 316 0 599 0 599 219 316 219
1.233 274.0 247.0 316 0 599 0 599 219 316 219
1.25 261.0 243.0 315 0 599 0 599 219 315 219
1.258 261.0 243.0 315 0 599 0 599 219 315 219
1.275 260.0 243.0 314 0 599 0 599 219 314 219
1.325 285.0 251.0 313 0 599 0 599 219 313 219
1.358 259.0 244.0 312 0 599 0 599 220 312 220
1.375 258.0 244.0 312 0 599 0 599 220 312 220
1.383 258.0 244.0 312 0 599 0 599 220 312 220
1.467 258.0 244.0 312 0 599 0 599 220 312 220
1.475 271.0 248.0 312 0 599 0 599 220 312 220
1.483 271.0 248.0 312 0 599 0 599 220 312 220
1.492 271.0 248.0 312 0 599 0 599 220 312 220
1.575 272.0 248.0 313 0 598 0 598 219 313 219
1.683 266.0 259.0 313 0 598 0 598 220 313 220
1.817 258.0 244.0 312 0 598 0 598 220 312 220
1.883 257.0 244.0 311 0 599 0 599 220 311 220
1.933 257.0 244.0 311 0 599 0 599 220 311 220
1.95 257.0 244.0 311 0 599 0 599 220 311 220
1.958 257.0 244.0 311 0 598 0 598 219 311 219
1.967 257.0 244.0 311 0 598 0 598 219 311 219
1.975 257.0 244.0 310 0 598 0 598 219 310 219
1.983 0.0 120.0 310 0 598 0 598 219 310 219
1.992 2.0 116.0 310 0 598 0 598 219 310 219
2.0 269.0 248.0 310 0 598 0 598 219 310 219
2.008 6.0 117.0 310 0 598 0 598 219 310 219
2.017 8.5 117.0 310 0 598 0 598 219 310 219
2.025 11.0 117.0 310 0 598 0 598 219 310 219
2.05 20.0 118.0 311 0 598 0 598 220 311 220
2.058 23.5 118.0 311 0 598 0 598 220 311 220
2.067 28.0 118.0 311 0 598 0 598 220 311 220
2.075 32.0 118.0 311 0 598 0 598 220 311 220
2.092 41.0 118.0 312 0 598 0 598 220 312 220
2.108 50.0 119.0 312 0 598 0 598 220 312 220
2.117 55.5 119.0 313 0 598 0 598 220 313 220
2.125 61.0 119.0 313 0 598 0 598 220 313 220
2.142 71.0 120.0 314 0 598 0 598 220 314 220
2.15 76.0 120.0 314 0 598 0 598 220 314 220
2.167 88.0 121.0 314 0 598 0 598 220 314 220
2.175 91.0 121.0 314 0 598 0 598 220 314 220
2.183 99.0 122.0 314 0 598 0 598 220 314 220
2.217 124.5 123.0 314 0 598 0 598 220 314 220
2.225 259.0 244.0 314 0 598 0 598 220 314 220
2.233 259.0 244.0 314 0 598 0 598 220 314 220
2.25 152.5 126.0 314 0 598 0 598 220 314 220
2.267 259.0 244.0 314 0 598 0 598 220 314 220
2.283 180.0 128.0 314 0 598 0 598 221 314 221
2.458 258.0 244.0 313 0 598 0 598 220 313 220
2.467 258.0 244.0 313 0 598 0 598 220 313 220
2.475 258.0 244.0 313 0 598 0 598 220 313 220
2.525 437.0 142.0 313 0 598 0 598 220 313 220
