1.342 11.0 232.0 55 50 462 42 468 316 61 324
1.35 19.5 232.0 54 50 462 42 468 316 60 324
1.358 26.0 232.0 54 50 462 42 468 316 60 324
1.367 33.0 232.0 55 50 462 42 467 316 61 324
1.375 43.0 232.0 55 50 462 42 467 316 61 324
1.383 50.5 232.0 55 50 462 42 467 316 61 324
1.433 100.5 231.0 54 50 462 42 467 316 60 324
1.442 107.0 231.0 52 50 460 39 467 313 60 324
1.45 113.5 231.0 52 50 460 39 467 313 60 325
1.458 123.0 231.0 52 50 460 39 467 314 60 325
1.467 129.5 231.0 51 50 460 39 467 314 59 325
1.475 138.5 231.0 53 50 460 42 466 317 59 325
1.483 146.5 231.0 53 50 460 42 466 317 59 325
1.492 154.5 231.0 53 50 460 42 466 317 59 325
1.5 163.0 231.0 53 50 460 42 466 317 59 325
1.517 179.0 232.0 53 50 460 42 466 317 59 325
1.525 184.0 232.0 53 50 461 42 466 317 59 325
1.533 189.5 232.0 53 50 461 42 466 317 59 325
1.542 200.0 232.0 53 50 461 42 467 317 59 325
1.55 210.5 232.0 54 50 462 42 467 317 60 325
1.575 229.0 233.0 54 50 461 42 467 316 60 325
1.583 236.0 233.0 54 50 461 42 467 316 60 325
1.592 248.0 233.0 52 51 460 40 467 314 60 325
1.617 270.0 232.0 52 51 460 40 467 314 60 325
1.625 276.5 232.0 52 51 460 40 467 314 60 325
1.633 283.5 232.0 52 51 460 40 467 314 60 325
1.642 292.0 231.0 52 51 460 40 467 314 60 325
1.65 298.5 231.0 52 51 460 40 467 314 60 325
1.658 307.0 230.0 54 51 461 43 467 317 60 325
1.667 313.5 230.0 54 51 461 43 467 317 60 325
1.675 321.0 229.0 54 51 461 43 467 317 60 325
1.683 327.5 229.0 54 51 461 43 467 317 60 325
1.692 335.5 228.0 54 51 461 43 467 317 60 325
1.7 340.0 228.0 54 51 461 43 467 317 60 325
1.708 349.5 227.0 54 51 462 43 467 317 60 325
1.717 354.0 227.0 54 51 461 43 467 317 60 325
1.725 362.5 226.0 52 51 460 40 467 315 60 326
1.733 370.0 225.0 52 51 460 40 467 315 60 326
1.742 374.0 225.0 53 51 462 43 467 318 59 326
1.75 382.0 224.0 53 51 461 43 466 318 59 326
1.758 390.0 223.0 54 51 460 43 466 318 60 326
1.767 397.0 222.0 53 51 460 43 466 318 59 326
1.775 404.0 221.0 53 51 460 43 466 318 59 326
1.783 410.5 220.0 53 51 460 43 466 318 59 326
1.792 419.0 222.0 53 51 460 43 466 318 59 326
1.8 425.0 217.0 53 51 461 43 466 318 59 326
1.808 431.5 216.0 53 51 461 43 466 318 59 326
1.817 437.0 215.0 53 51 461 43 466 318 59 326
