1.167 0.5 243.0 91 69 488 59 495 322 98 332
1.175 5.0 243.0 91 69 488 59 495 322 98 332
1.183 11.0 243.0 91 69 488 59 495 322 98 332
1.192 17.0 243.0 91 69 488 59 495 322 98 332
1.2 23.0 243.0 89 69 488 58 495 321 97 332
1.208 29.5 243.0 89 69 488 58 495 321 97 332
1.217 37.0 243.0 89 69 488 58 495 321 97 332
1.25 65.0 242.0 89 69 488 58 495 321 97 332
1.258 69.0 242.0 88 69 486 55 495 319 97 333
1.267 79.5 242.0 88 69 486 55 495 319 97 333
1.275 87.5 242.0 88 69 487 56 495 320 97 333
1.283 94.5 242.0 89 69 488 58 495 321 97 332
1.292 101.5 242.0 89 68 487 57 494 321 97 332
1.3 109.5 242.0 89 68 487 57 494 321 97 332
1.308 116.5 242.0 90 69 487 59 494 322 97 332
1.317 121.0 242.0 90 69 487 59 494 322 97 332
1.325 131.0 242.0 90 69 487 59 494 322 97 332
1.333 140.0 242.0 90 69 487 59 494 322 97 332
1.342 148.0 243.0 90 69 487 59 494 322 97 332
1.35 154.0 243.0 90 69 487 59 494 322 97 332
1.358 158.5 243.0 89 69 487 57 495 321 97 332
1.367 169.0 244.0 89 69 487 57 495 321 97 332
1.375 177.5 245.0 88 69 487 56 495 320 97 333
1.383 180.5 245.0 88 69 487 56 495 320 97 333
1.392 188.5 246.0 89 69 487 57 495 320 97 332
1.4 200.0 248.0 89 69 487 57 495 320 97 332
1.408 202.0 248.0 89 69 487 57 495 320 97 332
1.417 214.0 250.0 89 69 487 57 495 320 97 332
1.425 220.0 251.0 89 69 487 57 495 320 97 332
1.433 224.5 252.0 89 69 487 57 495 320 97 332
1.442 231.5 253.0 89 69 487 57 495 321 97 332
1.45 242.5 255.0 89 69 487 57 495 321 97 332
1.458 248.5 256.0 90 69 487 57 495 321 98 332
1.467 254.5 257.0 90 69 487 57 495 321 98 332
1.475 260.5 258.0 90 69 487 57 495 321 98 332
1.483 267.0 259.0 90 69 487 57 495 321 98 332
1.492 276.5 261.0 90 69 487 57 495 321 98 332
1.5 283.0 262.0 90 69 487 58 495 321 98 332
1.508 288.5 263.0 90 69 487 58 495 321 98 332
1.525 303.5 266.0 90 69 487 58 495 321 98 332
1.533 309.0 267.0 90 69 487 58 495 321 98 332
1.542 318.5 269.0 90 69 488 58 495 321 98 332
1.55 323.5 270.0 90 69 488 58 495 321 98 332
1.567 337.0 273.0 90 69 488 58 495 321 98 332
1.575 348.0 275.0 90 69 488 58 495 321 98 332
1.583 352.0 276.0 90 69 488 58 495 321 98 332
1.592 357.0 277.0 90 69 488 58 495 321 98 332
1.6 364.5 279.0 90 69 488 58 495 321 98 332
1.608 373.0 281.0 91 69 488 59 495 322 98 332
1.625 386.0 284.0 91 69 488 59 495 323 98 332
1.633 395.0 290.0 91 69 488 59 495 323 98 332
1.658 412.0 291.0 89 70 486 56 495 319 98 333
1.667 419.0 293.0 90 70 488 59 495 321 98 333
1.675 426.0 295.0 90 70 488 59 495 322 98 333
1.683 433.0 297.0 90 70 488 59 495 322 98 333
1.8 521.0 332.0 86 71 484 53 496 318 98 336
1.808 523.0 333.0 86 71 484 53 496 318 98 335
1.817 527.0 335.0 86 71 484 53 496 318 98 335
