4.692 1.0 192.0 111 20 503 10 510 272 118 282
4.7 6.5 192.0 111 20 503 10 510 273 118 282
4.708 11.0 192.0 111 20 503 10 510 273 118 282
4.717 22.5 192.0 111 20 503 10 510 273 118 282
4.725 30.5 192.0 111 20 503 10 510 273 118 282
4.733 36.5 192.0 111 20 503 10 510 272 118 282
4.742 44.5 192.0 111 19 503 10 510 273 118 282
4.75 52.5 192.0 111 20 503 9 510 272 118 282
4.758 59.5 192.0 111 19 503 9 510 272 118 282
4.767 68.0 192.0 111 19 503 9 510 272 118 282
4.775 75.5 192.0 111 19 503 9 510 272 118 282
4.808 108.0 193.0 110 20 503 9 510 272 117 283
4.817 118.0 193.0 110 20 503 9 510 272 117 283
4.825 127.0 193.0 110 19 503 9 510 272 117 282
4.833 134.0 193.0 109 20 502 10 509 272 116 282
4.85 151.5 194.0 109 20 502 10 509 274 116 285
4.858 160.0 194.0 109 20 502 10 509 274 116 285
4.867 167.5 194.0 109 20 502 10 509 274 116 284
4.875 177.0 195.0 109 20 502 10 509 273 116 283
4.883 183.5 195.0 109 20 502 10 509 273 116 283
4.892 194.5 196.0 109 20 502 10 509 274 116 285
4.9 200.0 196.0 110 20 502 10 509 275 117 285
4.908 210.5 197.0 110 20 502 10 509 274 117 285
4.917 219.5 198.0 110 20 503 10 510 272 117 282
4.925 228.0 199.0 110 19 503 10 510 272 117 282
4.933 235.5 200.0 110 19 503 10 510 275 117 285
4.942 243.0 201.0 110 19 503 10 510 275 117 285
4.95 250.0 202.0 110 19 503 10 510 273 117 283
4.958 262.0 204.0 110 19 503 10 510 275 117 285
4.967 268.5 205.0 110 19 503 10 510 273 117 283
4.975 276.0 206.0 110 19 503 10 510 273 117 282
5.0 333.0 216.0 111 20 504 10 511 273 118 283
5.008 338.5 217.0 111 20 504 10 511 273 118 283
5.025 360.0 221.0 112 20 504 10 511 275 119 284
5.033 366.0 222.0 112 20 504 10 511 275 119 284
5.058 390.5 227.0 112 20 505 10 512 274 119 284
5.067 396.0 228.0 112 20 505 10 512 274 119 283
5.083 415.0 232.0 112 20 505 10 512 274 119 284
