4.408 30.0 184.0 121 16 508 10 512 268 125 274
4.467 86.0 185.0 123 14 511 11 513 268 126 272
4.517 137.5 186.0 123 14 511 11 513 268 126 272
4.55 171.5 185.0 123 14 511 11 513 268 126 272
4.567 189.0 184.0 123 14 511 11 513 268 126 272
4.575 196.5 184.0 123 14 511 11 513 268 126 272
4.592 213.0 183.0 123 14 511 11 513 268 126 272
4.608 228.5 182.0 123 14 510 11 512 268 126 272
4.617 238.5 181.0 122 14 510 11 512 268 125 272
4.642 261.5 179.0 122 14 510 11 512 268 125 272
4.65 270.0 178.0 122 14 510 11 512 268 125 272
4.658 277.5 177.0 122 14 510 11 512 268 125 272
4.667 285.0 176.0 122 14 510 11 512 268 125 272
4.675 292.5 175.0 122 14 510 11 512 268 125 272
4.683 300.0 174.0 122 14 510 11 512 268 125 272
4.7 319.0 171.0 121 16 508 10 512 268 125 274
4.708 325.0 170.0 121 16 508 10 512 268 125 274
4.717 336.0 168.0 121 16 508 10 512 269 125 275
4.725 342.0 167.0 121 16 508 10 512 269 125 275
4.742 357.5 164.0 121 16 508 10 512 269 125 275
4.75 367.0 162.0 121 16 508 10 512 269 125 275
4.758 372.0 161.0 121 16 508 10 512 269 125 275
4.767 381.0 159.0 121 16 508 10 512 269 125 275
4.775 389.5 157.0 121 16 508 10 512 269 125 274
4.783 397.5 155.0 120 17 508 10 512 268 125 275
4.792 404.0 157.0 119 17 507 10 511 268 124 275
4.808 420.0 153.0 119 17 507 10 511 269 124 275
4.817 428.0 151.0 119 17 507 10 511 269 124 275
