0.008 53.0 167.0 325 268 325 17 599 17 599 268
0.017 53.0 167.0 325 268 325 17 599 17 599 268
0.05 53.0 162.0 325 268 325 17 599 17 599 268
0.058 53.0 162.5 325 18 599 18 599 268 325 268
0.067 53.0 162.5 325 268 325 17 599 17 599 268
0.075 53.0 163.0 325 268 325 17 599 17 599 268
0.083 53.5 162.5 325 268 325 17 599 17 599 268
0.092 53.5 162.5 325 17 599 17 599 268 325 268
0.1 53.5 162.5 326 17 599 17 599 268 326 268
0.108 53.5 162.5 326 268 326 16 599 16 599 268
0.117 53.5 162.5 326 268 326 16 599 16 599 268
0.125 53.5 162.5 326 268 326 16 599 16 599 268
0.133 53.5 162.5 325 268 325 16 599 16 599 268
0.142 53.5 162.5 325 268 325 16 599 16 599 268
0.15 53.0 163.0 325 17 599 17 599 268 325 268
0.158 53.0 163.0 325 17 599 17 599 268 325 268
0.167 53.0 163.0 325 17 599 17 599 268 325 268
0.175 53.0 162.0 325 17 599 17 599 268 325 268
0.183 53.0 163.0 325 17 599 17 599 268 325 268
0.192 52.5 162.5 325 268 325 17 599 17 599 268
0.2 53.0 162.5 325 268 325 17 599 17 599 268
0.208 53.0 162.5 325 268 325 17 599 17 599 268
0.217 53.0 162.5 325 268 325 17 599 17 599 268
0.225 53.0 163.0 325 268 325 17 599 17 599 268
0.242 54.0 162.0 324 267 324 17 598 17 598 267
0.25 54.0 162.0 324 267 324 17 598 17 598 267
0.258 54.0 162.0 324 267 324 17 598 17 598 267
0.267 54.0 162.0 324 267 324 17 598 17 598 267
0.275 54.0 162.0 325 18 598 18 598 267 325 267
0.283 54.0 162.0 325 268 325 18 599 18 599 268
0.292 53.5 162.5 325 19 599 19 599 268 325 268
0.3 53.5 162.5 325 19 599 19 599 268 325 268
0.308 54.0 162.5 325 19 598 19 598 267 325 267
0.325 54.0 163.5 324 267 324 19 598 19 598 267
0.333 54.5 163.5 324 267 324 19 598 19 598 267
0.342 54.5 163.5 324 267 324 19 598 19 598 267
0.35 54.0 164.0 325 20 598 20 598 266 325 266
0.358 54.0 163.0 324 266 324 19 598 19 598 266
0.375 54.0 163.0 325 19 599 19 599 269 325 269
0.392 54.0 162.0 325 268 325 18 598 18 598 268
0.4 54.0 162.0 326 18 598 18 598 268 326 268
0.417 55.0 161.0 326 18 599 18 599 267 326 267
0.425 54.5 160.5 326 18 599 18 599 267 326 267
0.433 54.5 161.0 326 18 599 18 599 267 326 267
0.442 54.5 161.0 326 18 599 18 599 267 326 267
0.45 54.5 160.5 326 18 599 18 599 267 326 267
0.458 54.5 160.5 326 18 599 18 599 267 326 267
0.467 54.5 160.5 326 18 598 18 598 267 326 267
0.475 54.5 160.5 326 18 598 18 598 267 326 267
0.483 54.5 161.0 325 267 325 17 598 17 598 267
0.492 54.0 160.5 326 18 598 18 598 267 326 267
0.5 53.5 160.5 325 18 599 18 599 268 325 268
0.508 53.5 161.0 325 268 325 17 599 17 599 268
0.517 53.0 161.5 325 268 325 18 599 18 599 268
0.525 52.5 161.5 324 268 324 18 599 18 599 268
0.533 52.0 162.0 324 268 324 18 599 18 599 268
0.542 51.5 161.5 324 19 599 19 599 268 324 268
0.55 51.5 161.5 323 268 323 18 599 18 599 268
0.558 51.5 161.5 323 268 323 18 599 18 599 268
0.567 51.5 161.5 323 268 323 18 599 18 599 268
0.575 51.5 161.5 323 268 323 18 599 18 599 268
0.583 51.5 161.5 323 268 323 18 599 18 599 268
0.592 51.5 161.5 323 268 323 18 599 18 599 268
0.6 51.5 161.5 323 268 323 18 599 18 599 268
0.608 51.5 161.5 324 19 599 19 599 268 324 268
0.617 52.0 161.0 324 268 324 18 599 18 599 268
0.625 52.0 161.0 324 268 324 18 599 18 599 268
0.633 52.0 161.0 324 268 324 18 599 18 599 268
0.642 52.0 161.0 324 18 599 18 599 268 324 268
0.65 52.5 161.0 324 268 324 17 599 17 599 268
0.658 53.0 161.0 324 18 599 18 599 268 324 268
0.667 52.5 161.0 325 268 325 18 599 18 599 268
0.675 53.5 161.0 325 268 325 18 599 18 599 268
0.683 53.5 161.0 325 268 325 17 599 17 599 268
0.692 54.0 161.0 325 18 599 18 599 268 325 268
0.708 55.0 161.0 325 267 325 18 598 18 598 267
0.717 55.0 161.0 325 267 325 18 598 18 598 267
0.725 54.5 161.0 325 267 325 18 598 18 598 267
0.733 54.0 161.0 324 267 324 18 598 18 598 267
0.742 54.0 161.0 325 18 599 18 599 268 325 268
0.75 53.5 161.5 325 268 325 18 599 18 599 268
0.758 53.5 161.5 325 268 325 17 599 17 599 268
0.767 53.5 162.0 325 268 325 17 599 17 599 268
0.775 53.0 161.5 325 268 325 18 599 18 599 268
0.783 53.0 162.0 325 268 325 18 599 18 599 268
0.792 52.5 161.5 325 268 325 18 599 18 599 268
0.8 52.5 161.5 325 268 325 18 599 18 599 268
0.808 52.5 161.5 324 268 324 18 599 18 599 268
0.817 52.5 161.5 324 18 599 18 599 268 324 268
0.825 52.5 161.5 324 18 599 18 599 268 324 268
0.833 52.5 161.5 324 18 599 18 599 268 324 268
0.842 52.5 162.0 324 18 599 18 599 268 324 268
0.85 52.5 162.0 324 18 599 18 599 268 324 268
0.858 53.0 162.0 324 268 324 17 599 17 599 268
0.867 53.0 162.0 324 268 324 17 599 17 599 268
0.875 53.0 162.0 324 268 324 17 599 17 599 268
0.883 53.0 162.0 324 18 599 18 599 268 324 268
0.892 53.0 162.0 325 268 325 18 599 18 599 268
0.9 54.0 162.0 325 18 599 18 599 268 325 268
0.908 54.0 162.0 325 268 325 17 599 17 599 268
0.917 54.0 162.0 324 267 324 17 598 17 598 267
0.925 54.0 162.0 324 267 324 17 598 17 598 267
0.933 54.0 161.5 325 18 598 18 598 267 325 267
0.942 54.5 162.0 326 18 599 18 599 268 326 268
0.95 55.0 161.5 326 268 326 17 599 17 599 268
0.958 55.5 161.5 326 18 599 18 599 268 326 268
0.967 56.0 162.0 327 266 327 17 599 17 599 266
0.975 57.0 161.5 327 17 599 17 599 266 327 266
0.983 57.0 162.0 327 266 327 17 599 17 599 266
0.992 58.0 161.0 327 266 327 17 599 17 599 266
1.067 68.0 162.0 328 18 598 18 598 266 328 266
1.075 70.0 162.0 328 18 599 18 599 266 328 266
1.083 76.0 162.0 327 18 599 18 599 267 327 267
1.092 74.5 162.0 327 18 598 18 598 266 327 266
1.1 76.5 162.0 327 18 598 18 598 266 327 266
1.108 79.0 162.0 327 266 327 17 599 17 599 266
1.117 81.5 162.5 327 266 327 17 599 17 599 266
1.125 83.5 162.5 327 266 327 17 599 17 599 266
1.133 86.0 163.0 327 266 327 17 599 17 599 266
1.142 89.0 163.0 327 18 599 18 599 266 327 266
1.15 92.5 163.0 326 18 599 18 599 266 326 266
1.158 95.5 163.5 326 18 599 18 599 266 326 266
1.167 98.5 164.0 326 18 599 18 599 266 326 266
1.175 102.0 164.0 325 18 599 18 599 266 325 266
1.183 106.0 165.0 325 18 599 18 599 266 325 266
1.192 110.0 165.0 324 18 599 18 599 267 324 267
1.2 114.0 165.0 324 18 599 18 599 267 324 267
1.208 118.5 165.0 324 18 598 18 598 266 324 266
1.217 123.5 165.0 324 18 598 18 598 266 324 266
1.225 128.0 165.5 323 18 598 18 598 265 323 265
1.233 133.5 166.0 322 265 322 18 598 18 598 265
1.242 137.0 167.0 322 265 322 18 598 18 598 265
1.25 144.5 168.0 322 265 322 18 598 18 598 265
1.258 148.5 168.0 322 265 322 18 598 18 598 265
1.275 161.0 169.0 322 265 322 18 598 18 598 265
1.283 167.5 169.0 322 265 322 18 598 18 598 265
1.292 175.0 170.0 322 266 322 18 598 18 598 266
1.3 181.0 170.0 322 266 322 18 598 18 598 266
1.317 195.5 171.0 323 19 598 19 598 267 323 267
1.342 216.0 172.0 322 267 322 18 598 18 598 267
1.35 222.0 172.0 323 18 598 18 598 267 323 267
1.383 254.0 174.0 323 267 323 18 598 18 598 267
1.483 353.5 179.0 324 18 599 18 599 268 324 268
1.492 360.5 179.0 324 268 324 18 599 18 599 268
1.5 364.0 179.0 324 268 324 18 599 18 599 268
1.533 407.5 180.0 324 268 324 18 599 18 599 268
1.542 414.0 180.0 324 268 324 18 599 18 599 268
1.558 435.5 181.0 324 268 324 18 599 18 599 268
1.567 444.5 181.0 324 19 599 19 599 268 324 268
1.583 460.0 182.0 324 19 599 19 599 268 324 268
1.608 485.0 183.0 324 19 599 19 599 268 324 268
1.617 501.0 183.0 324 19 599 19 599 268 324 268
1.633 520.0 184.0 324 19 599 19 599 268 324 268
1.642 529.0 184.0 324 19 599 19 599 268 324 268
