0.267 0.0 164.0 282 263 284 19 600 21 598 265
0.283 0.0 160.0 281 262 284 18 601 22 598 265
0.292 0.0 160.0 281 263 284 18 601 22 598 266
0.3 0.0 160.0 281 263 284 18 601 22 598 266
0.308 0.0 160.0 281 263 284 18 601 22 598 266
0.317 0.0 160.0 281 263 284 18 601 22 598 266
0.325 0.0 164.0 281 263 284 18 601 22 598 266
0.333 0.0 164.0 281 263 284 18 601 22 598 266
0.342 0.0 164.0 284 20 599 20 599 265 284 265
0.35 0.0 164.0 284 20 599 20 599 264 284 264
0.358 0.0 164.0 284 20 599 20 599 264 284 264
0.367 0.0 164.0 285 20 599 20 599 265 285 265
0.375 0.0 164.0 289 262 292 18 601 22 598 265
0.383 0.0 160.0 289 262 292 18 601 22 598 266
0.392 0.0 160.0 293 262 296 18 601 22 598 266
0.4 0.0 160.0 282 264 285 18 601 22 598 267
0.408 0.0 160.0 282 264 285 18 601 22 598 267
0.417 0.0 160.0 282 264 285 18 601 22 598 267
0.425 0.0 160.0 282 264 285 18 601 22 598 267
0.433 0.0 160.0 282 264 285 18 601 22 598 267
0.442 0.0 160.0 282 264 285 18 601 22 598 267
0.45 0.0 160.0 282 262 285 18 601 22 598 265
0.458 0.0 160.0 285 19 598 19 598 263 285 263
0.467 0.0 160.0 285 19 598 19 598 263 285 263
0.475 0.0 164.0 296 19 598 19 598 263 296 263
0.483 0.0 164.0 296 19 598 19 598 264 296 264
0.492 0.0 164.0 285 19 598 19 598 265 285 265
0.958 1.0 166.0 282 20 599 20 599 266 282 266
0.967 3.0 166.0 282 20 599 20 599 266 282 266
0.975 4.0 166.0 282 20 599 20 599 266 282 266
1.0 8.5 163.0 280 263 282 19 600 21 598 265
1.008 10.5 163.0 283 20 599 20 599 264 283 264
1.017 13.0 162.5 283 20 599 20 599 264 283 264
1.025 15.0 162.5 283 20 599 20 599 265 283 265
1.033 17.5 162.5 283 20 599 20 599 264 283 264
1.042 20.5 162.5 283 20 599 20 599 264 283 264
1.05 23.0 163.0 283 20 599 20 599 264 283 264
1.058 26.0 163.0 283 20 599 20 599 266 283 266
1.067 29.5 163.0 283 20 599 20 599 266 283 266
1.075 32.5 163.0 283 20 599 20 599 265 283 265
1.083 37.0 163.0 283 20 599 20 599 264 283 264
1.092 39.5 163.5 283 20 599 20 599 264 283 264
1.1 43.5 164.0 283 20 599 20 599 264 283 264
1.108 48.0 164.0 283 20 599 20 599 264 283 264
1.117 52.5 164.5 283 20 599 20 599 264 283 264
1.125 57.0 165.0 288 262 291 19 601 22 598 265
1.133 62.0 165.0 288 262 291 19 601 22 598 265
1.142 66.5 165.0 288 263 291 19 601 22 598 266
1.15 71.5 165.0 283 21 599 21 599 266 283 266
1.158 77.0 166.0 283 21 599 21 599 266 283 266
1.183 95.0 167.0 283 20 599 20 599 266 283 266
1.192 99.0 167.0 282 263 284 19 600 21 598 265
1.208 114.0 168.0 284 20 599 20 599 265 284 265
1.225 126.5 169.0 289 263 292 19 601 22 598 266
1.233 132.0 169.0 289 263 292 19 601 22 598 266
1.25 145.5 170.0 282 264 284 19 600 21 598 266
1.258 154.0 171.0 281 264 283 19 600 21 598 266
1.267 161.0 171.0 283 266 283 20 599 20 599 266
1.283 175.5 172.0 283 266 283 20 599 20 599 266
1.325 214.5 174.0 282 264 284 19 600 21 598 266
1.433 321.0 179.0 284 21 599 21 599 264 284 264
1.467 357.0 180.0 284 21 599 21 599 265 284 265
1.483 376.5 181.0 284 21 599 21 599 265 284 265
1.508 404.0 183.0 284 21 599 21 599 265 284 265
1.517 412.5 184.0 283 21 599 21 599 265 283 265
1.525 421.5 185.0 283 21 599 21 599 265 283 265
1.533 431.0 186.0 283 21 599 21 599 265 283 265
1.558 458.0 189.0 283 21 599 21 599 265 283 265
1.567 467.0 190.0 283 21 599 21 599 265 283 265
