0.075 1.0 170.0 282 28 598 28 598 267 282 267
0.083 1.0 170.0 282 28 598 28 598 267 282 267
0.175 1.0 170.0 282 28 598 28 598 267 282 267
0.183 1.0 170.0 282 28 598 28 598 267 282 267
0.192 1.0 170.0 282 28 598 28 598 267 282 267
0.2 1.0 170.0 282 28 598 28 598 266 282 266
0.333 0.0 170.0 281 28 599 28 599 267 281 267
0.708 0.0 170.0 280 28 598 28 598 266 280 266
0.717 0.0 170.0 280 28 598 28 598 266 280 266
0.725 0.0 170.0 281 28 598 28 598 266 281 266
0.733 1.0 170.0 281 28 598 28 598 266 281 266
0.742 1.0 170.0 281 28 598 28 598 266 281 266
0.783 0.0 170.0 281 28 599 28 599 267 281 267
0.792 0.0 170.0 280 29 598 27 600 266 282 268
0.8 0.0 170.0 279 29 598 27 600 266 281 268
0.808 0.0 170.0 279 29 598 27 600 266 281 268
0.817 0.0 170.0 279 29 598 27 600 266 281 268
0.825 0.0 170.0 279 29 598 27 600 266 281 268
0.833 0.0 170.0 279 29 598 27 600 266 281 268
0.842 0.0 170.0 280 28 599 28 599 267 280 267
0.85 0.0 170.0 280 28 599 28 599 267 280 267
0.858 0.0 170.0 280 28 599 28 599 267 280 267
0.867 0.0 170.0 280 28 599 28 599 267 280 267
0.875 0.0 170.0 280 28 598 28 598 266 280 266
0.883 0.0 170.0 280 28 598 28 598 266 280 266
0.892 0.0 170.0 280 28 598 28 598 266 280 266
0.9 0.0 170.0 280 28 598 28 598 266 280 266
0.908 0.0 170.0 279 29 598 27 600 266 281 268
0.917 0.0 170.0 280 28 598 28 598 266 280 266
0.925 0.0 170.0 281 28 599 28 599 267 281 267
0.958 0.0 170.0 281 28 599 28 599 267 281 267
1.042 2.0 170.0 282 28 599 28 599 267 282 267
1.058 0.0 174.0 282 28 599 28 599 267 282 267
1.067 1.0 170.0 282 28 599 28 599 267 282 267
1.075 2.0 170.5 282 28 599 28 599 267 282 267
1.083 3.5 170.5 281 28 599 28 599 267 281 267
1.092 5.0 170.5 281 28 599 28 599 267 281 267
1.1 6.5 170.5 281 28 599 28 599 267 281 267
1.108 8.5 170.5 281 28 599 28 599 267 281 267
1.117 10.5 170.5 281 28 599 28 599 268 281 268
1.125 13.5 171.0 281 28 599 28 599 268 281 268
1.133 15.5 171.0 281 28 599 28 599 268 281 268
1.142 18.5 171.0 281 28 599 28 599 268 281 268
1.15 21.5 171.0 281 28 599 28 599 268 281 268
1.158 24.5 171.0 281 28 599 28 599 268 281 268
1.167 27.0 171.0 280 29 598 27 600 267 282 269
1.175 30.0 171.5 281 28 599 28 599 268 281 268
1.183 33.5 172.0 281 28 599 28 599 268 281 268
1.192 37.5 172.0 281 28 598 28 598 267 281 267
1.2 41.0 172.0 281 28 598 28 598 267 281 267
1.208 45.0 172.5 280 29 598 27 600 267 282 269
1.217 49.0 173.0 280 29 598 27 600 267 282 269
1.225 53.5 173.0 280 29 598 27 600 266 282 268
1.233 58.5 173.0 280 29 598 27 600 266 282 268
1.242 63.5 173.0 280 29 598 27 600 266 282 268
1.25 67.5 173.0 281 28 598 28 598 266 281 266
1.258 73.0 173.0 281 28 599 28 599 267 281 267
1.267 77.0 173.0 281 28 598 28 598 266 281 266
1.275 83.5 174.0 281 28 599 28 599 268 281 268
1.292 95.5 175.0 281 28 599 28 599 268 281 268
1.3 101.0 175.0 281 28 599 28 599 268 281 268
1.308 106.0 175.0 281 28 599 28 599 268 281 268
1.317 113.5 176.0 281 28 599 28 599 268 281 268
1.325 119.0 176.0 281 28 599 28 599 268 281 268
1.342 134.0 177.0 281 28 599 28 599 268 281 268
1.35 140.5 177.0 281 28 599 28 599 268 281 268
1.375 161.0 178.0 281 28 599 28 599 268 281 268
1.383 165.0 178.0 280 29 598 27 600 267 282 269
1.4 183.0 179.0 280 29 598 27 600 266 282 268
1.425 204.0 180.0 281 28 599 28 599 267 281 267
1.467 245.0 182.0 280 29 598 27 600 266 282 268
1.508 284.5 184.0 281 29 599 29 599 268 281 268
1.542 320.0 185.0 280 29 598 27 600 266 282 268
1.567 346.0 186.0 280 29 598 27 600 266 282 268
1.592 372.5 188.0 281 29 598 27 600 266 283 268
1.6 382.0 189.0 281 29 598 27 600 267 283 269
1.608 391.0 190.0 281 29 598 27 600 267 283 269
